id=1
lat=38.735276
lon=-9.145576
server_ip=192.168.0.129
server_port=8080
gps_server_port=9090
emulator_port=5554
vehicle_ip=10.0.2.2
vehicle_port=4000
capacity=5
