id=vehicle001
lat=38.737256
lon=-9.134086
server_ip=192.168.0.129
server_port=8080
gps_server_port=9090
emulator_port=5554
vehicle_ip=127.0.0.1
vehicle_port=4000
capacity=5