id=2
lat=38.706966
lon=-9.136414
server_ip=194.210.225.20
server_port=8080
gps_server_port=9090
emulator_port=5556
vehicle_ip=10.0.2.2
vehicle_port=4002
capacity=5