id=2
lat=38.741419
lon=-9.147035
server_ip=192.168.0.129
server_port=8080
gps_server_port=9090
emulator_port=5556
vehicle_ip=10.0.2.2
vehicle_port=4004
capacity=5