id=1
lat=38.725137
lon=-9.149873
server_ip=194.210.226.21
server_port=8080
gps_server_port=9090
emulator_port=5554
vehicle_ip=10.0.2.2
vehicle_port=4000
capacity=5