id=3
lat=38.735276
lon=-9.145576
server_ip=192.168.1.85
server_port=8080
gps_server_ip=192.168.1.78
gps_server_port=9090
emulator_port=5558
vehicle_ip=10.0.2.2
vehicle_port=4004
capacity=5