id=123456
name=Alameda
lat=42.438917
lon=-71.116146
port=4003
server_ip=192.160.0.1
server_port=8080
