id=123456
name=Alameda
lat=38.737256
lon=-9.134086
station_ip=127.0.0.1
port=4003
server_ip=192.168.0.129
server_port=8080
