id=123456
name=MarquesPombal
lat=38.725137
lon=-9.149873
station_ip=127.0.0.1
port=4003
server_ip=194.210.226.21
server_port=8080