id=123456
name=Alameda
lat=38.725137
lon=-9.149873
station_ip=127.0.0.1
port=4003
server_ip=192.168.1.78
server_port=8080