id=223456
name=Rego
lat=38.741395
lon=-9.154974
station_ip=127.0.0.1
port=4004
server_ip=194.210.226.21
server_port=8080